0 0.32046426860104804 0.12932514431726463 0.06090897545765067 0.08069889005397314
0 0.31250457294465056 0.42056536931974464 0.07682836677044566 0.096217907372045
0 0.3702988848845804 0.309345745206897 0.0498346162835324 0.08276809236304927
0 0.450587988896938 0.39211383756994633 0.060908975457650595 0.07656048543582067
3 0.052603206077061884 0.3310723694521975 0.015227243864412649 0.2772731094162154
0 0.30973598315112094 0.5907572592412649 0.07267548208015125 0.09725250852658292
1 0.3820653915070811 0.6507641262044757 0.06783044994147452 0.19243581474408963
3 0.05087283745610589 0.7268652952019372 0.01730368620955983 0.14070575701718396
0 0.6284552497083312 0.20087161292779038 0.05634080229832691 0.08194041143941887
0 0.6893642251659818 0.2805359018272254 0.057863526684768234 0.10470163683925737
0 0.84354006929316 0.20087161292779038 0.06014761326443008 0.08194041143941887
3 0.8233639711728131 0.382392385491503 0.015227243864412685 0.1354292911290396
3 0.9159345288280786 0.5809718554405677 0.08288909770306571 0.019691874154670105
3 0.9302764866841758 0.7121956854317409 0.020267461583533333 0.0908855730215555
2 0.5422848664688424 0.14526324447810487 0.13798219584569726 0.2062516295643321
0 0.9114933304220902 0.4901045310120848 0.07781591359648828 0.12197265978960002
