0 0.4751984346016951 0.15765710720166712 0.11120088173206603 0.07252226931276688
3 0.3009837198881247 0.1836705298899422 0.21054033607937794 0.022071995008233328
3 0.6575678806422832 0.18248810158592968 0.22981515557960294 0.022860280544241753
0 0.37141094498510013 0.584513724950181 0.12306230911681958 0.06069798627264184
0 0.467785042486224 0.7114276962475228 0.1171315954244428 0.057544844128608615
2 0.712426982296769 0.5340634506456473 0.16754266180964605 0.05281513091255853
0 0.34472273336940434 0.8048395322645107 0.10527016803968908 0.06621598502470008
0 0.33656800204238624 0.9155936500736818 0.10675284646278335 0.07488712592079182
3 0.5641591399873478 0.89273336952944 0.2327805124257913 0.024436851616258366
0 0.705606158260281 0.5989826886749451 0.09572681242988346 0.057370076811227924
