0 0.28486646884273 0.36985384421746387 0.07418397626112756 0.10211452937990582
0 0.28486646884273 0.4943837580953979 0.07121661721068254 0.10709572593502323
0 0.39465875370919873 0.3461931605806564 0.053412462908011875 0.09962393110234714
0 0.3456973293768546 0.5105726468995293 0.053412462908011805 0.09464273454722985
1 0.4436201780415431 0.8106897393453503 0.06231454005934722 0.22664444325783975
0 0.516320474777448 0.652536748720374 0.06528189910979222 0.09464273454722985
0 0.5548961424332345 0.6749521332184023 0.053412462908011805 0.09962393110234714
0 0.865727002967359 0.42340170718497544 0.08456973293768556 0.11456752076769923
3 0.04376854599406528 0.24781452861708864 0.01928783382789317 0.20173846048225305
3 0.04451038575667656 0.6201589711121112 0.029673590504451043 0.20921025531492915
3 0.8338278931750742 0.7434435858512658 0.029673590504451113 0.22166324670272247
3 0.8345697329376854 0.27022991311511674 0.02522255192878333 0.22166324670272247
