1 0.3577449988981286 0.3235336983350468 0.10548076344065603 0.04824258606667779
1 0.6182697760708333 0.7043962199140823 0.05210495543454087 0.10918058951932352
0 0.5331226537753639 0.42827089176928157 0.059730070863985955 0.05205121128246823
0 0.5591751314926344 0.6136239856044122 0.06862603886500515 0.05205121128246823
0 0.6665621737906516 0.6237803195131865 0.06481348115028254 0.0444339608508875
0 0.6646558949332905 0.46889622740437864 0.0635426285787085 0.05459029475966176
3 0.35393244118340605 0.23359567990180843 0.01906278857361251 0.13203234081406565
3 0.691343798936348 0.13774527863775116 0.09658479543963694 0.021582209556145315
3 0.35393244118340605 0.46528704719572167 0.013979378287315783 0.11045013125792025
3 0.26942074517372383 0.7026913523133206 0.012708525715741707 0.11806738168950105
