0 0.35621333236357616 0.4685090171741068 0.09499022196362034 0.07834342068880766
0 0.5356393071837477 0.569126547666595 0.11082192562422372 0.05530123813327606
0 0.3443395546181236 0.5537650926295739 0.10290607379392198 0.05222894712587163
0 0.25330725856965414 0.6467018956035515 0.07388128374948252 0.04762051061476541
0 0.4366911593049767 0.6920181879627638 0.09235160468685301 0.0645181111554885
0 0.43072845375819113 0.7895814213658781 0.09011055517953785 0.0692477311961882
0 0.4009919705489437 0.8525339042715038 0.11353929952621769 0.05036198632450052
3 0.17792597715688224 0.7666237086926364 0.07833219120114311 0.0182413181886227
3 0.6412049365465003 0.7669494465174332 0.176806945854009 0.020195745137403805
3 0.31501458546235145 0.17689036083791096 0.215967446298066 0.024279194509056693
3 0.43119017726406983 0.20463801170540438 0.03127804394661645 0.05202684537655017
3 0.6709885141881294 0.2544970718579316 0.20703086231331846 0.028614764957102565
1 0.5294926010962929 0.24972794436508117 0.0997918544963477 0.12139597254528373
2 0.20628614698125616 0.730109150008561 0.1980942783285709 0.06416644263107842
